1	1
2	2.5
3	4.33333
4	4
5	4
6	3.5
7	3.42857
8	3.125
9	3.33333
10	3.2
11	3.63636
12	3.41667
13	3.61538
14	3.57143
15	3.8
16	3.6875
17	3.58824
18	3.66667
19	3.63158
20	3.65
21	3.66667
22	3.77273
23	3.65217
24	3.75
25	3.76
26	3.65385
27	3.59259
28	3.71429
29	3.86207
30	4
31	4.06452
32	4.1875
33	4.15152
34	4.17647
35	4.11429
36	4.19444
37	4.21622
38	4.21053
39	4.28205
40	4.2
41	4.21951
42	4.2619
43	4.2093
44	4.18182
45	4.11111
46	4.19565
47	4.19149
48	4.14583
49	4.16327
50	4.22
51	4.23529
52	4.30769
53	4.30189
54	4.31481
55	4.34545
56	4.41071
57	4.42105
58	4.46552
59	4.49153
60	4.48333
61	4.5082
62	4.48387
63	4.46032
64	4.40625
65	4.46154
66	4.45455
67	4.49254
68	4.48529
69	4.53623
70	4.54286
71	4.5493
72	4.54167
73	4.50685
74	4.52703
75	4.54667
76	4.51316
77	4.51948
78	4.48718
79	4.46835
80	4.425
81	4.46914
82	4.5122
83	4.46988
84	4.45238
85	4.44706
86	4.46512
87	4.43678
88	4.39773
89	4.39326
90	4.42222
91	4.41758
92	4.38043
93	4.35484
94	4.38298
95	4.34737
96	4.3125
97	4.28866
98	4.31633
99	4.31313
100	4.28
101	4.26733
102	4.30392
103	4.31068
104	4.31731
105	4.32381
106	4.30189
107	4.31776
108	4.2963
109	4.2844
110	4.25455
111	4.23423
112	4.21429
113	4.24779
114	4.22807
115	4.23478
116	4.22414
117	4.24786
118	4.26271
119	4.2521
120	4.23333
121	4.23967
122	4.2623
123	4.25203
124	4.26613
125	4.272
126	4.2619
127	4.27559
128	4.28906
129	4.27132
130	4.24615
131	4.26718
132	4.26515
133	4.2406
134	4.23134
135	4.25926
136	4.26471
137	4.26277
138	4.27536
139	4.28777
140	4.30714
141	4.31915
142	4.34507
143	4.37063
144	4.375
145	4.35172
146	4.34932
147	4.36735
148	4.39189
149	4.37584
150	4.36
151	4.33775
152	4.34868
153	4.37255
154	4.36364
155	4.35484
156	4.35256
157	4.36306
158	4.38608
159	4.36478
160	4.38125
161	4.40373
162	4.41975
163	4.40491
164	4.42683
165	4.40606
166	4.39157
167	4.39521
168	4.39881
169	4.4142
170	4.4
171	4.39181
172	4.38953
173	4.36994
174	4.35632
175	4.37714
176	4.36364
177	4.37288
178	4.38202
179	4.36313
180	4.37778
181	4.39227
182	4.37363
183	4.37158
184	4.38043
185	4.37838
186	4.3871
187	4.36898
188	4.35106
189	4.3545
190	4.34211
191	4.35602
192	4.35417
193	4.37306
194	4.39175
195	4.38974
196	4.37245
197	4.35533
198	4.37374
199	4.37688
200	4.39
201	4.37313
202	4.38614
203	4.37438
204	4.36275
205	4.38049
206	4.36408
207	4.35749
208	4.36058
209	4.37321
210	4.36667
211	4.36019
212	4.36321
213	4.35681
214	4.36449
215	4.35814
216	4.36574
217	4.35945
218	4.35321
219	4.36073
220	4.37273
221	4.37104
222	4.36937
223	4.36323
224	4.36161
225	4.36
226	4.36726
227	4.36564
228	4.36404
229	4.36681
230	4.38261
231	4.37662
232	4.37931
233	4.38627
234	4.38462
235	4.39149
236	4.39407
237	4.39662
238	4.41176
239	4.40167
240	4.39583
241	4.38589
242	4.3843
243	4.39506
244	4.39754
245	4.38776
246	4.37398
247	4.36437
248	4.3629
249	4.36145
250	4.376
251	4.37052
252	4.38095
253	4.37549
254	4.37795
255	4.36863
256	4.375
257	4.36576
258	4.36822
259	4.35907
260	4.36538
261	4.36398
262	4.3626
263	4.35361
264	4.34091
265	4.35094
266	4.36466
267	4.37079
268	4.36567
269	4.37546
270	4.38519
271	4.38745
272	4.375
273	4.3663
274	4.36496
275	4.36727
276	4.36232
277	4.36101
278	4.36691
279	4.37634
280	4.38571
281	4.3879
282	4.37589
283	4.38163
284	4.39437
285	4.39649
286	4.40559
287	4.40767
288	4.41319
289	4.41176
290	4.41724
291	4.41237
292	4.42123
293	4.40956
294	4.40816
295	4.42034
296	4.43243
297	4.42761
298	4.42953
299	4.4214
300	4.41333
301	4.40864
302	4.41722
303	4.40924
304	4.40789
305	4.4
306	4.40523
307	4.41368
308	4.41558
309	4.411
310	4.4129
311	4.41158
312	4.42308
313	4.42492
314	4.41401
315	4.42222
316	4.41139
317	4.41956
318	4.41509
319	4.42006
320	4.4125
321	4.40187
322	4.41304
323	4.40248
324	4.39198
325	4.38769
326	4.39877
327	4.40979
328	4.41463
329	4.41337
330	4.40606
331	4.4139
332	4.41867
333	4.42943
334	4.44012
335	4.42985
336	4.41964
337	4.42136
338	4.42899
339	4.43068
340	4.43824
341	4.43402
342	4.44444
343	4.44898
344	4.4564
345	4.46667
346	4.46532
347	4.47262
348	4.47989
349	4.48711
350	4.48571
351	4.49573
352	4.50284
353	4.49858
354	4.50847
355	4.51549
356	4.51966
357	4.52661
358	4.53352
359	4.52925
360	4.52222
361	4.53186
362	4.5221
363	4.52893
364	4.53571
365	4.54521
366	4.55464
367	4.56131
368	4.55978
369	4.56369
370	4.55946
371	4.55256
372	4.54301
373	4.53887
374	4.54813
375	4.55467
376	4.54787
377	4.54377
378	4.54762
379	4.55673
380	4.54737
381	4.53806
382	4.54712
383	4.55352
384	4.55208
385	4.55844
386	4.56218
387	4.55297
388	4.5567
389	4.55527
390	4.55128
391	4.55754
392	4.55357
393	4.54962
394	4.5533
395	4.5443
396	4.53788
397	4.53904
398	4.54523
399	4.54637
400	4.54
401	4.53117
402	4.53483
403	4.52854
404	4.52475
405	4.52593
406	4.51724
407	4.51843
408	4.52696
409	4.53056
410	4.52927
411	4.53771
412	4.54126
413	4.53753
414	4.54348
415	4.53494
416	4.52885
417	4.52758
418	4.51914
419	4.52506
420	4.53095
421	4.52732
422	4.52844
423	4.52009
424	4.52123
425	4.51529
426	4.50704
427	4.51054
428	4.51402
429	4.51981
430	4.51395
431	4.52204
432	4.52778
433	4.5358
434	4.52765
435	4.52184
436	4.52064
437	4.51259
438	4.51598
439	4.51253
440	4.51591
441	4.50794
442	4.50452
443	4.50339
444	4.50225
445	4.49438
446	4.49327
447	4.49441
448	4.4933
449	4.49443
450	4.49111
451	4.48559
452	4.49115
453	4.49669
454	4.49119
455	4.49011
456	4.48246
457	4.47702
458	4.46943
459	4.47277
460	4.48043
461	4.47722
462	4.47835
463	4.48164
464	4.47629
465	4.47957
466	4.48498
467	4.48608
468	4.48932
469	4.48827
470	4.49574
471	4.49469
472	4.49576
473	4.49049
474	4.49578
475	4.50316
476	4.4979
477	4.49266
478	4.49163
479	4.49269
480	4.49583
481	4.49896
482	4.50207
483	4.50311
484	4.50207
485	4.50722
486	4.5144
487	4.51335
488	4.52049
489	4.52761
490	4.52245
491	4.52749
492	4.52236
493	4.52535
494	4.52429
495	4.52121
496	4.51815
497	4.51509
498	4.52209
499	4.51503
500	4.518
501	4.52295
502	4.52191
503	4.5169
504	4.52381
505	4.51881
506	4.51186
507	4.50493
508	4.50197
509	4.50098
510	4.50196
511	4.49511
512	4.48828
513	4.48343
514	4.48444
515	4.48544
516	4.49225
517	4.4913
518	4.49807
519	4.50289
520	4.5
521	4.49328
522	4.49425
523	4.49522
524	4.5
525	4.50667
526	4.51141
527	4.50474
528	4.5
529	4.50284
530	4.49623
531	4.50282
532	4.50188
533	4.50094
534	4.49438
535	4.49159
536	4.49254
537	4.4879
538	4.48513
539	4.49165
540	4.49259
541	4.49723
542	4.50369
543	4.50645
544	4.51287
545	4.51193
546	4.50733
547	4.51188
548	4.51642
549	4.51002
550	4.51091
551	4.50454
552	4.5
553	4.49367
554	4.49458
555	4.5009
556	4.4946
557	4.49372
558	4.5
559	4.49553
560	4.48929
561	4.48307
562	4.47687
563	4.4778
564	4.47695
565	4.47257
566	4.47703
567	4.4709
568	4.46831
569	4.46397
570	4.47018
571	4.47461
572	4.48077
573	4.48517
574	4.48432
575	4.49043
576	4.48611
577	4.487
578	4.48962
579	4.49568
580	4.49828
581	4.4957
582	4.50172
583	4.506
584	4.50342
585	4.50427
586	4.50683
587	4.50426
588	4.5102
589	4.51104
590	4.51186
591	4.51777
592	4.51858
593	4.51939
594	4.51852
595	4.51261
596	4.5151
597	4.51256
598	4.50669
599	4.51252
600	4.51167
601	4.51747
602	4.52159
603	4.51907
604	4.52152
605	4.51736
606	4.5132
607	4.5173
608	4.52138
609	4.52709
610	4.52951
611	4.52864
612	4.52451
613	4.52529
614	4.52117
615	4.52033
616	4.51461
617	4.51864
618	4.52265
619	4.52827
620	4.52581
621	4.52335
622	4.52894
623	4.53451
624	4.53846
625	4.536
626	4.54153
627	4.54226
628	4.54299
629	4.54849
630	4.54762
631	4.55309
632	4.55696
633	4.55292
634	4.55047
635	4.54961
636	4.54874
637	4.54788
638	4.54389
639	4.53991
640	4.5375
641	4.54134
642	4.54206
643	4.54121
644	4.53882
645	4.54109
646	4.54644
647	4.5456
648	4.54475
649	4.547
650	4.54462
651	4.54685
652	4.55215
653	4.54824
654	4.54893
655	4.55115
656	4.55183
657	4.55099
658	4.54711
659	4.54173
660	4.53939
661	4.5416
662	4.53625
663	4.53092
664	4.53464
665	4.53233
666	4.53153
667	4.52774
668	4.52994
669	4.53064
670	4.52836
671	4.5231
672	4.52083
673	4.52452
674	4.52374
675	4.52593
676	4.52515
677	4.5229
678	4.5177
679	4.52135
680	4.52647
681	4.52423
682	4.52493
683	4.52855
684	4.52924
685	4.52409
686	4.52478
687	4.51965
688	4.52035
689	4.5225
690	4.51739
691	4.52098
692	4.51879
693	4.51371
694	4.51873
695	4.51511
696	4.51293
697	4.51076
698	4.5086
699	4.50358
700	4.50857
701	4.5107
702	4.5057
703	4.50213
704	4.50142
705	4.50071
706	4.50425
707	4.50919
708	4.51271
709	4.51622
710	4.51831
711	4.52039
712	4.51685
713	4.51332
714	4.51401
715	4.51608
716	4.51397
717	4.50907
718	4.51114
719	4.5146
720	4.51667
721	4.51872
722	4.51939
723	4.51452
724	4.51796
725	4.51724
726	4.51377
727	4.50894
728	4.51236
729	4.51166
730	4.50685
731	4.50889
732	4.5041
733	4.49932
734	4.50272
735	4.5034
736	4.50408
737	4.50611
738	4.50542
739	4.50338
740	4.5027
741	4.49798
742	4.5027
743	4.50336
744	4.50134
745	4.50067
746	4.49732
747	4.49799
748	4.49733
749	4.50067
750	4.49867
751	4.49534
752	4.49601
753	4.49934
754	4.49602
755	4.49404
756	4.49206
757	4.49009
758	4.48813
759	4.48353
760	4.48553
761	4.48489
762	4.48688
763	4.49017
764	4.48953
765	4.48889
766	4.48695
767	4.49153
768	4.48698
769	4.48895
770	4.48571
771	4.48638
772	4.48834
773	4.48512
774	4.48062
775	4.48516
776	4.48582
777	4.48391
778	4.48329
779	4.47882
780	4.47436
781	4.47631
782	4.47315
783	4.47382
784	4.47449
785	4.47261
786	4.47583
787	4.47903
788	4.4797
789	4.47655
790	4.47975
791	4.47661
792	4.47727
793	4.47667
794	4.48111
795	4.48553
796	4.48869
797	4.48557
798	4.48997
799	4.49437
800	4.4975
801	4.49313
802	4.49252
803	4.49315
804	4.49005
805	4.48944
806	4.48883
807	4.49195
808	4.49381
809	4.49815
810	4.50123
811	4.50432
812	4.50493
813	4.50923
814	4.50737
815	4.50307
816	4.5
817	4.49694
818	4.5
819	4.50183
820	4.5
821	4.50061
822	4.50365
823	4.50668
824	4.51092
825	4.51394
826	4.51574
827	4.51874
828	4.52295
829	4.52352
830	4.5253
831	4.52828
832	4.53005
833	4.52581
834	4.52398
835	4.52695
836	4.52632
837	4.52808
838	4.52864
839	4.52563
840	4.52619
841	4.52438
842	4.5285
843	4.5255
844	4.52251
845	4.51953
846	4.51655
847	4.51476
848	4.51297
849	4.50883
850	4.51294
851	4.51351
852	4.51408
853	4.517
854	4.51522
855	4.51579
856	4.51636
857	4.51225
858	4.51049
859	4.5099
860	4.51047
861	4.51452
862	4.5116
863	4.50869
864	4.51273
865	4.51214
866	4.50808
867	4.50634
868	4.50346
869	4.50403
870	4.50345
871	4.50517
872	4.50917
873	4.50745
874	4.5103
875	4.50629
876	4.50685
877	4.50285
878	4.50228
879	4.50512
880	4.50114
881	4.49943
882	4.49887
883	4.49943
884	4.49548
885	4.49718
886	4.49323
887	4.4938
888	4.4955
889	4.49381
890	4.48989
891	4.48822
892	4.48543
893	4.48264
894	4.4821
895	4.47821
896	4.47991
897	4.47938
898	4.47884
899	4.48165
900	4.47778
901	4.48058
902	4.48004
903	4.48394
904	4.48119
905	4.47956
906	4.48344
907	4.48512
908	4.48348
909	4.48185
910	4.48132
911	4.47969
912	4.48136
913	4.48412
914	4.48687
915	4.48852
916	4.48908
917	4.49291
918	4.49129
919	4.48857
920	4.48587
921	4.48426
922	4.48373
923	4.48321
924	4.48268
925	4.48649
926	4.48596
927	4.4822
928	4.4806
929	4.48332
930	4.48602
931	4.48443
932	4.48605
933	4.48446
934	4.4818
935	4.48449
936	4.48504
937	4.48239
938	4.48188
939	4.48456
940	4.48404
941	4.48672
942	4.48301
943	4.47932
944	4.48093
945	4.4836
946	4.48626
947	4.48363
948	4.48523
949	4.48156
950	4.48
951	4.4837
952	4.48214
953	4.48478
954	4.48323
955	4.48482
956	4.4864
957	4.48798
958	4.49061
959	4.49426
960	4.49479
961	4.49532
962	4.49376
963	4.49117
964	4.49378
965	4.49326
966	4.49689
967	4.49535
968	4.49587
969	4.49432
970	4.49072
971	4.48713
972	4.48354
973	4.47996
974	4.47639
975	4.47795
976	4.48156
977	4.48414
978	4.48671
979	4.48723
980	4.4898
981	4.48726
982	4.48676
983	4.48321
984	4.48679
985	4.48832
986	4.49087
987	4.49139
988	4.49089
989	4.49141
990	4.49091
991	4.49445
992	4.49093
993	4.49245
994	4.48893
995	4.49246
996	4.48996
997	4.49348
998	4.49098
999	4.49249
1000	4.49
1001	4.48851
1002	4.49002
1003	4.48754
1004	4.48606
1005	4.48856
1006	4.49205
1007	4.48957
1008	4.49008
1009	4.49158
1010	4.49406
1011	4.49357
1012	4.49605
1013	4.49358
1014	4.4931
1015	4.49458
1016	4.49803
1017	4.49558
1018	4.49312
1019	4.49166
1020	4.49314
1021	4.49461
1022	4.49217
1023	4.49462
1024	4.49316
1025	4.49073
1026	4.4922
1027	4.49172
1028	4.48833
1029	4.49077
1030	4.48835
1031	4.48594
1032	4.48256
1033	4.485
1034	4.48356
1035	4.48309
1036	4.48359
1037	4.4812
1038	4.4817
1039	4.47931
1040	4.48269
1041	4.48127
1042	4.48177
1043	4.48322
1044	4.48372
1045	4.48708
1046	4.48662
1047	4.48615
1048	4.48378
1049	4.48427
1050	4.48571
1051	4.48811
1052	4.48574
1053	4.48813
1054	4.48861
1055	4.4891
1056	4.49242
1057	4.49007
1058	4.49338
1059	4.49669
1060	4.4934
1061	4.4901
1062	4.48682
1063	4.48354
1064	4.48684
1065	4.48545
1066	4.48499
1067	4.48454
1068	4.48502
1069	4.48176
1070	4.48224
1071	4.48179
1072	4.48041
1073	4.47717
1074	4.47393
1075	4.47628
1076	4.47305
1077	4.47261
1078	4.47032
1079	4.46803
1080	4.46481
1081	4.46716
1082	4.47043
1083	4.46814
1084	4.46863
1085	4.46912
1086	4.47053
1087	4.4701
1088	4.47151
1089	4.47291
1090	4.47156
1091	4.47296
1092	4.47436
1093	4.47301
1094	4.47532
1095	4.4758
1096	4.47719
1097	4.47493
1098	4.47177
1099	4.46952
1100	4.46727
1101	4.46776
1102	4.46824
1103	4.46872
1104	4.47011
1105	4.47059
1106	4.46926
1107	4.47064
1108	4.46751
1109	4.46799
1110	4.47027
1111	4.46715
1112	4.46583
1113	4.46721
1114	4.46499
1115	4.46816
1116	4.46595
1117	4.46911
1118	4.4678
1119	4.47096
1120	4.47143
1121	4.47279
1122	4.47326
1123	4.47106
1124	4.4742
1125	4.47289
1126	4.47513
1127	4.4756
1128	4.47606
1129	4.4783
1130	4.47965
1131	4.48099
1132	4.47968
1133	4.47749
1134	4.47531
1135	4.47841
1136	4.48063
1137	4.48109
1138	4.48155
1139	4.48376
1140	4.4807
1141	4.4794
1142	4.48161
1143	4.48031
1144	4.47727
1145	4.48035
1146	4.47818
1147	4.47602
1148	4.47822
1149	4.47868
1150	4.47565
1151	4.47437
1152	4.47222
1153	4.47355
1154	4.474
1155	4.471
1156	4.47405
1157	4.47277
1158	4.47409
1159	4.47368
1160	4.47069
1161	4.46942
1162	4.4673
1163	4.46604
1164	4.46649
1165	4.46524
1166	4.46398
1167	4.46272
1168	4.4649
1169	4.46707
1170	4.4641
1171	4.46627
1172	4.46416
1173	4.46633
1174	4.46422
1175	4.46213
1176	4.46344
1177	4.46219
1178	4.46095
1179	4.46141
1180	4.46356
1181	4.46317
1182	4.46531
1183	4.4683
1184	4.46537
1185	4.46414
1186	4.46121
1187	4.4642
1188	4.46465
1189	4.46594
1190	4.46555
1191	4.46599
1192	4.46896
1193	4.4694
1194	4.47236
1195	4.47197
1196	4.47408
1197	4.47201
1198	4.47329
1199	4.47456
1200	4.4775
1201	4.47877
1202	4.47837
1203	4.47548
1204	4.47508
1205	4.47552
1206	4.47347
1207	4.47142
1208	4.47434
1209	4.47477
1210	4.47603
1211	4.47729
1212	4.4802
1213	4.4798
1214	4.48105
1215	4.48395
1216	4.48602
1217	4.48726
1218	4.48933
1219	4.48811
1220	4.48689
1221	4.48485
1222	4.48773
1223	4.48569
1224	4.48693
1225	4.48898
1226	4.49021
1227	4.49063
1228	4.49349
1229	4.49227
1230	4.49024
1231	4.49228
1232	4.48945
1233	4.48986
1234	4.49271
1235	4.49231
1236	4.49029
1237	4.48747
1238	4.48788
1239	4.48507
1240	4.48548
1241	4.48348
1242	4.4847
1243	4.48431
1244	4.48553
1245	4.48434
1246	4.48315
1247	4.48276
1248	4.48558
1249	4.48359
1250	4.4848
1251	4.48281
1252	4.48163
1253	4.48204
1254	4.48166
1255	4.47888
1256	4.47771
1257	4.47494
1258	4.47536
1259	4.47339
1260	4.47222
1261	4.47343
1262	4.47068
1263	4.46952
1264	4.46756
1265	4.47036
1266	4.47235
1267	4.47119
1268	4.47397
1269	4.47281
1270	4.47165
1271	4.47207
1272	4.47248
1273	4.46976
1274	4.47253
1275	4.47059
1276	4.46944
1277	4.46829
1278	4.4687
1279	4.46755
1280	4.46719
1281	4.46526
1282	4.4649
1283	4.4661
1284	4.46807
1285	4.47004
1286	4.47123
1287	4.46853
1288	4.4705
1289	4.46858
1290	4.46744
1291	4.46553
1292	4.46749
1293	4.46636
1294	4.466
1295	4.46332
1296	4.46142
1297	4.45952
1298	4.4584
1299	4.45574
1300	4.45615
1301	4.45734
1302	4.45776
1303	4.4551
1304	4.45629
1305	4.4567
1306	4.45482
1307	4.45754
1308	4.45948
1309	4.46066
1310	4.45878
1311	4.4569
1312	4.45884
1313	4.46002
1314	4.46195
1315	4.46236
1316	4.46201
1317	4.46241
1318	4.46358
1319	4.46247
1320	4.46364
1321	4.46631
1322	4.46596
1323	4.46636
1324	4.4645
1325	4.46642
1326	4.46682
1327	4.46571
1328	4.4631
1329	4.46501
1330	4.46391
1331	4.46431
1332	4.46396
1333	4.46662
1334	4.46702
1335	4.46442
1336	4.46407
1337	4.46522
1338	4.46263
1339	4.46079
1340	4.4597
1341	4.45787
1342	4.45678
1343	4.45421
1344	4.4561
1345	4.45353
1346	4.45468
1347	4.4536
1348	4.45401
1349	4.45293
1350	4.45333
1351	4.45226
1352	4.45044
1353	4.45307
1354	4.45495
1355	4.45387
1356	4.45501
1357	4.45394
1358	4.45434
1359	4.45548
1360	4.45294
1361	4.45481
1362	4.45301
1363	4.45341
1364	4.45455
1365	4.45568
1366	4.45608
1367	4.45355
1368	4.45249
1369	4.45289
1370	4.45109
1371	4.4515
1372	4.45335
1373	4.45302
1374	4.45415
1375	4.45455
1376	4.45494
1377	4.45389
1378	4.45573
1379	4.45323
1380	4.45362
1381	4.45257
1382	4.45152
1383	4.45264
1384	4.45087
1385	4.44838
1386	4.45094
1387	4.4535
1388	4.45245
1389	4.45212
1390	4.45252
1391	4.45219
1392	4.45043
1393	4.45226
1394	4.45481
1395	4.45735
1396	4.45702
1397	4.45669
1398	4.45923
1399	4.46104
1400	4.45857
1401	4.45682
1402	4.45578
1403	4.45759
1404	4.45798
1405	4.4605
1406	4.45946
1407	4.457
1408	4.45526
1409	4.45351
1410	4.45177
1411	4.45287
1412	4.45255
1413	4.45223
1414	4.4512
1415	4.4523
1416	4.45268
1417	4.45095
1418	4.45134
1419	4.45314
1420	4.45352
1421	4.45109
1422	4.44937
1423	4.45116
1424	4.45295
1425	4.45053
1426	4.45161
1427	4.4506
1428	4.45098
1429	4.45136
1430	4.44895
1431	4.44934
1432	4.45042
1433	4.44941
1434	4.4484
1435	4.44739
1436	4.44638
1437	4.44676
1438	4.44576
1439	4.44545
1440	4.44653
1441	4.44622
1442	4.44452
1443	4.44283
1444	4.44529
1445	4.44498
1446	4.44675
1447	4.44644
1448	4.44751
1449	4.44651
1450	4.44483
1451	4.44314
1452	4.44215
1453	4.44184
1454	4.44429
1455	4.44261
1456	4.44231
1457	4.44269
1458	4.44239
1459	4.44483
1460	4.44315
1461	4.44285
1462	4.44254
1463	4.44429
1464	4.44536
1465	4.44642
1466	4.44407
1467	4.44649
1468	4.4455
1469	4.4452
1470	4.4449
1471	4.44731
1472	4.44905
1473	4.44942
1474	4.44708
1475	4.44814
1476	4.45054
1477	4.45227
1478	4.44993
1479	4.4503
1480	4.44797
1481	4.447
1482	4.44872
1483	4.44842
1484	4.44946
1485	4.45051
1486	4.45087
1487	4.44855
1488	4.44758
1489	4.44997
1490	4.44765
1491	4.44735
1492	4.44638
1493	4.44608
1494	4.44444
1495	4.44682
1496	4.44519
1497	4.44422
1498	4.4466
1499	4.4463
1500	4.44733
1501	4.44637
1502	4.44541
1503	4.44511
1504	4.44681
1505	4.44651
1506	4.44489
1507	4.44592
1508	4.4443
1509	4.44268
1510	4.44172
1511	4.44077
1512	4.44048
1513	4.4382
1514	4.43923
1515	4.43696
1516	4.43799
1517	4.43639
1518	4.43478
1519	4.43713
1520	4.43487
1521	4.43327
1522	4.43233
1523	4.43139
1524	4.43176
1525	4.43213
1526	4.43054
1527	4.43157
1528	4.43325
1529	4.431
1530	4.42876
1531	4.42848
1532	4.42755
1533	4.42727
1534	4.42894
1535	4.42671
1536	4.42839
1537	4.43071
1538	4.43238
1539	4.4347
1540	4.43312
1541	4.43089
1542	4.42931
1543	4.42968
1544	4.42746
1545	4.42913
1546	4.43014
1547	4.43116
1548	4.43346
1549	4.43512
1550	4.43613
1551	4.43843
1552	4.44072
1553	4.44301
1554	4.44144
1555	4.44116
1556	4.44087
1557	4.44059
1558	4.43902
1559	4.43746
1560	4.43718
1561	4.43562
1562	4.43598
1563	4.43762
1564	4.43798
1565	4.4377
1566	4.43934
1567	4.43842
1568	4.4375
1569	4.43786
1570	4.43694
1571	4.43666
1572	4.43702
1573	4.43675
1574	4.43456
1575	4.43492
1576	4.43401
1577	4.435
1578	4.43409
1579	4.43255
1580	4.43228
1581	4.43454
1582	4.433
1583	4.43209
1584	4.43371
1585	4.43281
1586	4.4338
1587	4.43289
1588	4.43388
1589	4.43549
1590	4.43522
1591	4.43369
1592	4.43153
1593	4.42938
1594	4.43162
1595	4.43197
1596	4.4317
1597	4.43269
1598	4.43492
1599	4.4359
1600	4.435
1601	4.43348
1602	4.43196
1603	4.43356
1604	4.43392
1605	4.4324
1606	4.43213
1607	4.43373
1608	4.43532
1609	4.4363
1610	4.43416
1611	4.43265
1612	4.433
1613	4.43149
1614	4.43123
1615	4.43034
1616	4.43007
1617	4.42795
1618	4.42831
1619	4.42681
1620	4.42901
1621	4.4269
1622	4.42602
1623	4.42822
1624	4.42611
1625	4.42462
1626	4.42435
1627	4.42409
1628	4.42568
1629	4.4248
1630	4.4227
1631	4.4206
1632	4.42034
1633	4.41886
1634	4.42105
1635	4.41896
1636	4.41809
1637	4.41723
1638	4.4188
1639	4.41672
1640	4.4189
1641	4.42048
1642	4.419
1643	4.41875
1644	4.42092
1645	4.42128
1646	4.42224
1647	4.42198
1648	4.42294
1649	4.42207
1650	4.42242
1651	4.42277
1652	4.42191
1653	4.42347
1654	4.42322
1655	4.42236
1656	4.42452
1657	4.42607
1658	4.42702
1659	4.42797
1660	4.42651
1661	4.42745
1662	4.429
1663	4.42934
1664	4.43149
1665	4.43243
1666	4.43277
1667	4.43131
1668	4.43345
1669	4.43319
1670	4.43234
1671	4.43387
1672	4.43242
1673	4.43216
1674	4.4307
1675	4.42925
1676	4.42721
1677	4.42874
1678	4.42908
1679	4.43002
1680	4.42798
1681	4.42594
1682	4.42449
1683	4.42365
1684	4.42518
1685	4.42552
1686	4.42586
1687	4.42679
1688	4.42595
1689	4.42451
1690	4.42367
1691	4.42342
1692	4.42553
1693	4.42351
1694	4.42149
1695	4.42301
1696	4.42394
1697	4.42428
1698	4.42638
1699	4.42672
1700	4.42882
1701	4.4274
1702	4.42656
1703	4.42513
1704	4.42606
1705	4.42581
1706	4.42497
1707	4.42589
1708	4.42506
1709	4.42657
1710	4.42573
1711	4.4249
1712	4.4264
1713	4.42615
1714	4.42707
1715	4.42741
1716	4.42949
1717	4.42807
1718	4.42666
1719	4.42525
1720	4.425
1721	4.42475
1722	4.42567
1723	4.42484
1724	4.42517
1725	4.42609
1726	4.4241
1727	4.4227
1728	4.4213
1729	4.42337
1730	4.42486
1731	4.42345
1732	4.42206
1733	4.42008
1734	4.41926
1735	4.42075
1736	4.42108
1737	4.42142
1738	4.42117
1739	4.42266
1740	4.42184
1741	4.42275
1742	4.42078
1743	4.41882
1744	4.41686
1745	4.41777
1746	4.4181
1747	4.42015
1748	4.4222
1749	4.4231
1750	4.42114
1751	4.42033
1752	4.41838
1753	4.41928
1754	4.41961
1755	4.41994
1756	4.41913
1757	4.41946
1758	4.42093
1759	4.42126
1760	4.42102
1761	4.42135
1762	4.42225
1763	4.42258
1764	4.4229
1765	4.42493
1766	4.42412
1767	4.42218
1768	4.42195
1769	4.42284
1770	4.42429
1771	4.42518
1772	4.42438
1773	4.4264
1774	4.42728
1775	4.42648
1776	4.4268
1777	4.42544
1778	4.42407
1779	4.42383
1780	4.42528
1781	4.42448
1782	4.42536
1783	4.42681
1784	4.42881
1785	4.42745
1786	4.42721
1787	4.42641
1788	4.42729
1789	4.42594
1790	4.42737
1791	4.42602
1792	4.4269
1793	4.42666
1794	4.42754
1795	4.42618
1796	4.42539
1797	4.42348
1798	4.42269
1799	4.42357
1800	4.42444
1801	4.42254
1802	4.42175
1803	4.41986
1804	4.42184
1805	4.42382
1806	4.42303
1807	4.42335
1808	4.42146
1809	4.42178
1810	4.42376
1811	4.42518
1812	4.4266
1813	4.42747
1814	4.42778
1815	4.42865
1816	4.43007
1817	4.43203
1818	4.43399
1819	4.4343
1820	4.43242
1821	4.43328
1822	4.43414
1823	4.435
1824	4.43311
1825	4.43233
1826	4.43428
1827	4.4335
1828	4.43271
1829	4.43138
1830	4.43333
1831	4.43146
1832	4.43013
1833	4.42881
1834	4.42694
1835	4.42561
1836	4.42375
1837	4.42297
1838	4.42383
1839	4.42197
1840	4.42337
1841	4.42368
1842	4.42508
1843	4.42539
1844	4.42408
1845	4.42385
1846	4.42308
1847	4.42122
1848	4.42045
1849	4.41915
1850	4.41946
1851	4.41923
1852	4.42117
1853	4.41986
1854	4.41802
1855	4.41995
1856	4.41972
1857	4.42165
1858	4.42088
1859	4.42227
1860	4.42043
1861	4.41913
1862	4.42052
1863	4.41975
1864	4.41953
1865	4.42091
1866	4.42069
1867	4.42046
1868	4.41863
1869	4.4168
1870	4.41711
1871	4.41903
1872	4.41934
1873	4.41858
1874	4.41836
1875	4.41973
1876	4.42058
1877	4.42142
1878	4.42279
1879	4.42097
1880	4.42287
1881	4.42212
1882	4.42189
1883	4.42326
1884	4.42304
1885	4.42281
1886	4.42365
1887	4.42501
1888	4.42479
1889	4.42668
1890	4.42698
1891	4.42676
1892	4.42548
1893	4.42472
1894	4.42555
1895	4.42586
1896	4.42405
1897	4.42225
1898	4.42413
1899	4.42285
1900	4.42105
1901	4.42083
1902	4.41903
1903	4.41986
1904	4.42122
1905	4.421
1906	4.42078
1907	4.42056
1908	4.41929
1909	4.41802
1910	4.4178
1911	4.41601
1912	4.41579
1913	4.41715
1914	4.4185
1915	4.41984
1916	4.4191
1917	4.41888
1918	4.41919
1919	4.42001
1920	4.41979
1921	4.41853
1922	4.41675
1923	4.41706
1924	4.41684
1925	4.41818
1926	4.41641
1927	4.41671
1928	4.41805
1929	4.41991
1930	4.42073
1931	4.42258
1932	4.42236
1933	4.42318
1934	4.42347
1935	4.42222
1936	4.42045
1937	4.4223
1938	4.4226
1939	4.42135
1940	4.41959
1941	4.41783
1942	4.41658
1943	4.41637
1944	4.4177
1945	4.41954
1946	4.41829
1947	4.41654
1948	4.41632
1949	4.41714
1950	4.41795
1951	4.41927
1952	4.42059
1953	4.42192
1954	4.42119
1955	4.42046
1956	4.42076
1957	4.42003
1958	4.42135
1959	4.42062
1960	4.41939
1961	4.41917
1962	4.41794
1963	4.41824
1964	4.4165
1965	4.4173
1966	4.41811
1967	4.41637
1968	4.41667
1969	4.41595
1970	4.41523
1971	4.41553
1972	4.41481
1973	4.4146
1974	4.41641
1975	4.41468
1976	4.41447
1977	4.41275
1978	4.41153
1979	4.41283
1980	4.41414
1981	4.41545
1982	4.41574
1983	4.41604
1984	4.41633
1985	4.41763
1986	4.41893
1987	4.41721
1988	4.41549
1989	4.41579
1990	4.41558
1991	4.41436
1992	4.41616
1993	4.41646
1994	4.41775
1995	4.41955
1996	4.41884
1997	4.41863
1998	4.41692
1999	4.41821
2000	4.419
2001	4.41829
2002	4.41808
2003	4.41987
2004	4.42066
2005	4.41995
2006	4.41825
2007	4.41654
2008	4.41633
2009	4.41513
2010	4.41642
2011	4.41522
2012	4.417
2013	4.41629
2014	4.41708
2015	4.41737
2016	4.41567
2017	4.41596
2018	4.41625
2019	4.41456
2020	4.41287
2021	4.41465
2022	4.41395
2023	4.41226
2024	4.41255
2025	4.41086
2026	4.41264
2027	4.41391
2028	4.41371
2029	4.41548
2030	4.41576
2031	4.41457
2032	4.41339
2033	4.41515
2034	4.41347
2035	4.41523
2036	4.41454
2037	4.41286
2038	4.41462
2039	4.4154
2040	4.41422
2041	4.41548
2042	4.41675
2043	4.41557
2044	4.41389
2045	4.41369
2046	4.41447
2047	4.41329
2048	4.41504
2049	4.41386
2050	4.41268
2051	4.41102
2052	4.40984
2053	4.40964
2054	4.40798
2055	4.40876
2056	4.40856
2057	4.41031
2058	4.41011
2059	4.41185
2060	4.41359
2061	4.41533
2062	4.41368
2063	4.41202
2064	4.41376
2065	4.41211
2066	4.41384
2067	4.41268
2068	4.41151
2069	4.41324
2070	4.41449
2071	4.41381
2072	4.41458
2073	4.41486
2074	4.41466
2075	4.41542
2076	4.41715
2077	4.4155
2078	4.41675
2079	4.41847
2080	4.41779
2081	4.41615
2082	4.41787
2083	4.41767
2084	4.41747
2085	4.41918
2086	4.41755
2087	4.41926
2088	4.4205
2089	4.4203
2090	4.42153
2091	4.42229
2092	4.42161
2093	4.42284
2094	4.42407
2095	4.42291
2096	4.42414
2097	4.42489
2098	4.42421
2099	4.42592
2100	4.42619
2101	4.42456
2102	4.42388
2103	4.42273
2104	4.423
2105	4.42375
2106	4.42545
2107	4.42572
2108	4.42694
2109	4.42769
2110	4.42749
2111	4.42586
2112	4.42661
2113	4.42593
2114	4.42573
2115	4.42459
2116	4.42344
2117	4.42324
2118	4.42162
2119	4.42331
2120	4.42453
2121	4.42574
2122	4.42648
2123	4.42487
2124	4.42514
2125	4.42494
2126	4.42427
2127	4.4236
2128	4.42199
2129	4.42226
2130	4.4216
2131	4.42234
2132	4.42308
2133	4.42335
2134	4.42455
2135	4.42342
2136	4.42228
2137	4.42302
2138	4.42376
2139	4.42543
2140	4.42523
2141	4.42363
2142	4.4253
2143	4.42371
2144	4.42304
2145	4.42238
2146	4.42125
2147	4.42105
2148	4.42179
2149	4.42066
2150	4.42047
2151	4.42027
2152	4.42193
2153	4.42034
2154	4.42061
2155	4.42042
2156	4.42022
2157	4.42142
2158	4.42261
2159	4.42242
2160	4.42176
2161	4.42018
2162	4.41859
2163	4.42025
2164	4.42052
2165	4.42217
2166	4.42105
2167	4.42178
2168	4.42205
2169	4.42324
2170	4.42396
2171	4.42561
2172	4.42726
2173	4.42752
2174	4.42594
2175	4.42483
2176	4.42647
2177	4.42536
2178	4.42608
2179	4.42634
2180	4.42615
2181	4.42458
2182	4.42301
2183	4.42235
2184	4.42079
2185	4.42105
2186	4.42223
2187	4.42204
2188	4.42139
2189	4.42165
2190	4.42283
2191	4.42309
2192	4.42336
2193	4.42499
2194	4.42525
2195	4.42369
2196	4.42486
2197	4.42558
2198	4.4263
2199	4.42565
2200	4.42545
2201	4.42481
2202	4.42416
2203	4.42351
2204	4.42514
2205	4.42449
2206	4.42475
2207	4.42592
2208	4.42572
2209	4.42463
2210	4.42398
2211	4.42515
2212	4.42405
2213	4.42341
2214	4.42231
2215	4.42122
2216	4.42238
2217	4.424
2218	4.42426
2219	4.42271
2220	4.42252
2221	4.42188
2222	4.42259
2223	4.4242
2224	4.42311
2225	4.42202
2226	4.42363
2227	4.42524
2228	4.42639
2229	4.42665
2230	4.42601
2231	4.42492
2232	4.42652
2233	4.42678
2234	4.42704
2235	4.42819
2236	4.42934
2237	4.42781
2238	4.42806
2239	4.42698
2240	4.42589
2241	4.42704
2242	4.42551
2243	4.42488
2244	4.4238
2245	4.42272
2246	4.42253
2247	4.42412
2248	4.4226
2249	4.42419
2250	4.42267
2251	4.42248
2252	4.4214
2253	4.4221
2254	4.42147
2255	4.42129
2256	4.42243
2257	4.42136
2258	4.42073
2259	4.42098
2260	4.42168
2261	4.42194
2262	4.42263
2263	4.42289
2264	4.42138
2265	4.42031
2266	4.41968
2267	4.42082
2268	4.41975
2269	4.42089
2270	4.41938
2271	4.41876
2272	4.41945
2273	4.41795
2274	4.41821
2275	4.41934
2276	4.41828
2277	4.41985
2278	4.42054
2279	4.41948
2280	4.42061
2281	4.42131
2282	4.42156
2283	4.42006
2284	4.41944
2285	4.42057
2286	4.42038
2287	4.41889
2288	4.42045
2289	4.42114
2290	4.4214
2291	4.42165
2292	4.42103
2293	4.42041
2294	4.41935
2295	4.41874
2296	4.41855
2297	4.41837
2298	4.41732
2299	4.41801
2300	4.41739
2301	4.41634
2302	4.4179
2303	4.41945
2304	4.4184
2305	4.41866
2306	4.41934
2307	4.41873
2308	4.41854
2309	4.41793
2310	4.41775
2311	4.41714
2312	4.41566
2313	4.41721
2314	4.41659
2315	4.41598
2316	4.41667
2317	4.41735
2318	4.41717
2319	4.41742
2320	4.41681
2321	4.41835
2322	4.41688
2323	4.41713
2324	4.41609
2325	4.41505
2326	4.4166
2327	4.41728
2328	4.41796
2329	4.41649
2330	4.41588
2331	4.41742
2332	4.41638
2333	4.41535
2334	4.41645
2335	4.41585
2336	4.41652
2337	4.41635
2338	4.4166
2339	4.41556
2340	4.41624
2341	4.41777
2342	4.41759
2343	4.41827
2344	4.41937
2345	4.42004
2346	4.41858
2347	4.41841
2348	4.4178
2349	4.41762
2350	4.41915
2351	4.4194
2352	4.41879
2353	4.42031
2354	4.41929
2355	4.41953
2356	4.41851
2357	4.41706
2358	4.41603
2359	4.41713
2360	4.41568
2361	4.4155
2362	4.41617
2363	4.41515
2364	4.4154
2365	4.41522
2366	4.41505
2367	4.41445
2368	4.41554
2369	4.41705
2370	4.41688
2371	4.4167
2372	4.41779
2373	4.41888
2374	4.41786
2375	4.41811
2376	4.41793
2377	4.41691
2378	4.41842
2379	4.41908
2380	4.41933
2381	4.42041
2382	4.4194
2383	4.42048
2384	4.42114
2385	4.42055
2386	4.41995
2387	4.42103
2388	4.42044
2389	4.42026
2390	4.4205
2391	4.41991
2392	4.42099
2393	4.41997
2394	4.4198
2395	4.41962
2396	4.41987
2397	4.42094
2398	4.4216
2399	4.42101
2400	4.42167
2401	4.42024
2402	4.42132
2403	4.42114
2404	4.42221
2405	4.4237
2406	4.42519
2407	4.42418
2408	4.42276
2409	4.42383
2410	4.4249
2411	4.42513
2412	4.42537
2413	4.42685
2414	4.42626
2415	4.42567
2416	4.42508
2417	4.42573
2418	4.42432
2419	4.42456
2420	4.42314
2421	4.42379
2422	4.42527
2423	4.42674
2424	4.42781
2425	4.42722
2426	4.42663
2427	4.42645
2428	4.42545
2429	4.42692
2430	4.42757
2431	4.42863
2432	4.4301
2433	4.42992
2434	4.42933
2435	4.42998
2436	4.42939
2437	4.4284
2438	4.42945
2439	4.42886
2440	4.42746
2441	4.42769
2442	4.42875
2443	4.42898
2444	4.42881
2445	4.42781
2446	4.42886
2447	4.42951
2448	4.43056
2449	4.43201
2450	4.43143
2451	4.43248
2452	4.43271
2453	4.43172
2454	4.43236
2455	4.43177
2456	4.4316
2457	4.43305
2458	4.43369
2459	4.43392
2460	4.43496
2461	4.43478
2462	4.43461
2463	4.43524
2464	4.43628
2465	4.43692
2466	4.43633
2467	4.43535
2468	4.43639
2469	4.43499
2470	4.43482
2471	4.43586
2472	4.43608
2473	4.4355
2474	4.43533
2475	4.43394
2476	4.43376
2477	4.43278
2478	4.43341
2479	4.43243
2480	4.43105
2481	4.43249
2482	4.43392
2483	4.43415
2484	4.43277
2485	4.4334
2486	4.43484
2487	4.43506
2488	4.43529
2489	4.43552
2490	4.43414
2491	4.43396
2492	4.43539
2493	4.43522
2494	4.43384
2495	4.43487
2496	4.43349
2497	4.43332
2498	4.43475
2499	4.43617
2500	4.436
2501	4.43543
2502	4.43605
2503	4.43468
2504	4.4349
2505	4.43353
2506	4.43216
2507	4.43359
2508	4.43301
2509	4.43364
2510	4.43227
2511	4.4317
2512	4.43232
2513	4.43096
2514	4.43238
2515	4.433
2516	4.43362
2517	4.43464
2518	4.43368
2519	4.43271
2520	4.43214
2521	4.43157
2522	4.4318
2523	4.43123
2524	4.43185
2525	4.43248
2526	4.43112
2527	4.43213
2528	4.43078
2529	4.43219
2530	4.43281
2531	4.43264
2532	4.43167
2533	4.43111
2534	4.43094
2535	4.43195
2536	4.43178
2537	4.43161
2538	4.43223
2539	4.43285
2540	4.43189
2541	4.4329
2542	4.4343
2543	4.43531
2544	4.43632
2545	4.43733
2546	4.43716
2547	4.43698
2548	4.43721
2549	4.43782
2550	4.43804
2551	4.43944
2552	4.44083
2553	4.43987
2554	4.43892
2555	4.43914
2556	4.44014
2557	4.43919
2558	4.43862
2559	4.43962
2560	4.43828
2561	4.43967
2562	4.43872
2563	4.43777
2564	4.43721
2565	4.43782
2566	4.4392
2567	4.43981
2568	4.43847
2569	4.43908
2570	4.43852
2571	4.43757
2572	4.4374
2573	4.43646
2574	4.43784
2575	4.43689
2576	4.43556
2577	4.43539
2578	4.43561
2579	4.43583
2580	4.4345
2581	4.43317
2582	4.433
2583	4.43438
2584	4.43344
2585	4.43366
2586	4.43349
2587	4.43487
2588	4.43547
2589	4.43646
2590	4.43707
2591	4.43767
2592	4.43827
2593	4.43965
2594	4.44102
2595	4.44239
2596	4.4426
2597	4.44359
2598	4.4438
2599	4.44402
2600	4.44385
2601	4.44483
2602	4.44581
2603	4.44679
2604	4.44547
2605	4.44607
2606	4.44743
2607	4.44611
2608	4.44479
2609	4.44461
2610	4.44483
2611	4.44351
2612	4.44372
2613	4.4424
2614	4.44376
2615	4.44436
2616	4.44457
2617	4.4444
2618	4.445
2619	4.44444
2620	4.44351
2621	4.44296
2622	4.44432
2623	4.44529
2624	4.44436
2625	4.44533
2626	4.44631
2627	4.4469
2628	4.44749
2629	4.44694
2630	4.44639
2631	4.44508
2632	4.44415
2633	4.44284
2634	4.44419
2635	4.44326
2636	4.44385
2637	4.44482
2638	4.4439
2639	4.44487
2640	4.44432
2641	4.44491
2642	4.44587
2643	4.44684
2644	4.44743
2645	4.44839
2646	4.44822
2647	4.44768
2648	4.44675
2649	4.44545
2650	4.44566
2651	4.44512
2652	4.44495
2653	4.44478
2654	4.44348
2655	4.44369
2656	4.44315
2657	4.44411
2658	4.44357
2659	4.4449
2660	4.44398
2661	4.44419
2662	4.44553
2663	4.44499
2664	4.4452
2665	4.44615
2666	4.44599
2667	4.44507
2668	4.44565
2669	4.44586
2670	4.44719
2671	4.44852
2672	4.4476
2673	4.44856
2674	4.44914
2675	4.45047
2676	4.45067
2677	4.44938
2678	4.44847
2679	4.44905
2680	4.44813
2681	4.44871
2682	4.45004
2683	4.45024
2684	4.44896
2685	4.45028
2686	4.44899
2687	4.44846
2688	4.4494
2689	4.44887
2690	4.44796
2691	4.44928
2692	4.45022
2693	4.44931
2694	4.4484
2695	4.44787
2696	4.44918
2697	4.44939
2698	4.44959
2699	4.4498
2700	4.44852
2701	4.44835
2702	4.44819
2703	4.44728
2704	4.44638
2705	4.4451
2706	4.44383
2707	4.4444
2708	4.4435
2709	4.4426
2710	4.44207
2711	4.44153
2712	4.44248
2713	4.44158
2714	4.44252
2715	4.44383
2716	4.44293
2717	4.44387
2718	4.44297
2719	4.44428
2720	4.44338
2721	4.44322
2722	4.44416
2723	4.44546
2724	4.44567
2725	4.44697
2726	4.44644
2727	4.44628
2728	4.44611
2729	4.44705
2730	4.44579
2731	4.44562
2732	4.44473
2733	4.44457
2734	4.44477
2735	4.44461
2736	4.44481
2737	4.44538
2738	4.44412
2739	4.44469
2740	4.44562
2741	4.44546
2742	4.44675
2743	4.44732
2744	4.44752
2745	4.44809
2746	4.44829
2747	4.44885
2748	4.44869
2749	4.44925
2750	4.44945
2751	4.44965
2752	4.4484
2753	4.44788
2754	4.44808
2755	4.44828
2756	4.44739
2757	4.44831
2758	4.44706
2759	4.44726
2760	4.44746
2761	4.44622
2762	4.4475
2763	4.44806
2764	4.4479
2765	4.4481
2766	4.44685
2767	4.44814
2768	4.44725
2769	4.44637
2770	4.44657
2771	4.44785
2772	4.44805
2773	4.44789
2774	4.44809
2775	4.44685
2776	4.44561
2777	4.44436
2778	4.44528
2779	4.44548
2780	4.4464
2781	4.44588
2782	4.44464
2783	4.44556
2784	4.44612
2785	4.44632
2786	4.44616
2787	4.44708
2788	4.44656
2789	4.4464
2790	4.44624
2791	4.44715
2792	4.44699
2793	4.44647
2794	4.44667
2795	4.44758
2796	4.4485
2797	4.4487
2798	4.44961
2799	4.45088
2800	4.45143
2801	4.45091
2802	4.45218
2803	4.4513
2804	4.45221
2805	4.45205
2806	4.45153
2807	4.45244
2808	4.45264
2809	4.45141
2810	4.45089
2811	4.45037
2812	4.44986
2813	4.4497
2814	4.44847
2815	4.44973
2816	4.45099
2817	4.45083
2818	4.45174
2819	4.45122
2820	4.45213
2821	4.45126
2822	4.45004
2823	4.44917
2824	4.44901
2825	4.4492
2826	4.44798
2827	4.44747
2828	4.44661
2829	4.44751
2830	4.44664
2831	4.44755
2832	4.44633
2833	4.44511
2834	4.4439
2835	4.4448
2836	4.44499
2837	4.44448
2838	4.44503
2839	4.44382
2840	4.44331
2841	4.44456
2842	4.44405
2843	4.44425
2844	4.44374
2845	4.44323
2846	4.44343
2847	4.44292
2848	4.44382
2849	4.44331
2850	4.44351
2851	4.4437
2852	4.44355
2853	4.44374
2854	4.44464
2855	4.44553
2856	4.44468
2857	4.44557
2858	4.44437
2859	4.44386
2860	4.44406
2861	4.44355
2862	4.44235
2863	4.44254
2864	4.44204
2865	4.44084
2866	4.44068
2867	4.44158
2868	4.44107
2869	4.43987
2870	4.44077
2871	4.44096
2872	4.4422
2873	4.441
2874	4.44015
2875	4.43965
2876	4.4395
2877	4.44004
2878	4.44024
2879	4.43939
2880	4.44062
2881	4.43943
2882	4.43997
2883	4.43947
2884	4.43967
2885	4.43951
2886	4.43832
2887	4.43886
2888	4.43802
2889	4.43718
2890	4.43841
2891	4.43895
2892	4.4388
2893	4.43761
2894	4.43711
2895	4.43765
2896	4.43646
2897	4.437
2898	4.4372
2899	4.43705
2900	4.43759
2901	4.43709
2902	4.43832
2903	4.43851
2904	4.43836
2905	4.43718
2906	4.43806
2907	4.43894
2908	4.43948
2909	4.43898
2910	4.44021
2911	4.4404
2912	4.4399
2913	4.4401
2914	4.44097
2915	4.4422
2916	4.44102
2917	4.44224
2918	4.44243
2919	4.44159
2920	4.44041
2921	4.4406
2922	4.44182
2923	4.44167
2924	4.44186
2925	4.44103
2926	4.43985
2927	4.44004
2928	4.44092
2929	4.44111
2930	4.44232
2931	4.44217
2932	4.44338
2933	4.4446
2934	4.44581
2935	4.44532
2936	4.44653
2937	4.4474
2938	4.44622
2939	4.44675
2940	4.44558
2941	4.44679
2942	4.44596
2943	4.4458
2944	4.44565
2945	4.44448
2946	4.44399
2947	4.44384
2948	4.44505
2949	4.44591
2950	4.44644
2951	4.44764
2952	4.44715
2953	4.44734
2954	4.44685
2955	4.44772
2956	4.44824
2957	4.44775
2958	4.4476
2959	4.44745
2960	4.44865
2961	4.44816
2962	4.44902
2963	4.44988
2964	4.44906
2965	4.44958
2966	4.44842
2967	4.44759
2968	4.44744
2969	4.44628
2970	4.44714
2971	4.44732
2972	4.44852
2973	4.44971
2974	4.45091
2975	4.45042
2976	4.45161
2977	4.45079
2978	4.45165
2979	4.4525
2980	4.45369
2981	4.45354
2982	4.45406
2983	4.45357
2984	4.45476
2985	4.45595
2986	4.45479
2987	4.45497
2988	4.45448
2989	4.45433
2990	4.45552
2991	4.4547
2992	4.45555
2993	4.45606
2994	4.45725
2995	4.45843
2996	4.45794
2997	4.45913
2998	4.45797
2999	4.45882
3000	4.46
3001	4.46085
3002	4.46036
3003	4.46121
3004	4.46205
3005	4.46123
3006	4.46008
3007	4.46059
3008	4.46011
3009	4.46095
3010	4.46113
3011	4.46031
3012	4.4595
3013	4.45868
3014	4.45853
3015	4.45738
3016	4.45656
3017	4.45675
3018	4.45693
3019	4.45677
3020	4.45795
3021	4.4578
3022	4.45797
3023	4.45848
3024	4.45734
3025	4.45719
3026	4.4577
3027	4.45755
3028	4.45707
3029	4.45758
3030	4.45677
3031	4.45596
3032	4.45613
3033	4.45598
3034	4.45715
3035	4.45667
3036	4.45685
3037	4.45802
3038	4.45918
3039	4.46002
3040	4.46086
3041	4.4607
3042	4.46187
3043	4.46303
3044	4.46353
3045	4.46338
3046	4.46225
3047	4.46308
3048	4.46424
3049	4.46441
3050	4.46361
3051	4.46444
3052	4.4633
3053	4.46381
3054	4.46398
3055	4.46285
3056	4.46171
3057	4.46091
3058	4.46076
3059	4.46028
3060	4.46111
3061	4.46129
3062	4.46114
3063	4.46066
3064	4.46181
3065	4.46134
3066	4.46151
3067	4.46136
3068	4.46056
3069	4.46074
3070	4.45993
3071	4.46109
3072	4.46224
3073	4.46144
3074	4.46259
3075	4.46276
3076	4.46294
3077	4.46409
3078	4.46361
3079	4.46346
3080	4.46331
3081	4.46316
3082	4.46236
3083	4.46221
3084	4.46109
3085	4.46159
3086	4.46176
3087	4.46064
3088	4.46146
3089	4.46261
3090	4.46214
3091	4.46263
3092	4.46281
3093	4.4633
3094	4.46445
3095	4.4643
3096	4.46544
3097	4.46561
3098	4.46675
3099	4.46596
3100	4.46484
3101	4.46372
3102	4.4626
3103	4.46374
3104	4.46295
3105	4.46409
3106	4.46426
3107	4.46476
3108	4.46557
3109	4.46639
3110	4.46527
3111	4.4648
3112	4.46433
3113	4.46386
3114	4.46435
3115	4.46388
3116	4.46502
3117	4.46423
3118	4.46408
3119	4.46489
3120	4.4641
3121	4.46459
3122	4.46445
3123	4.46494
3124	4.46479
3125	4.46432
3126	4.46321
3127	4.46274
3128	4.46355
3129	4.46469
3130	4.46454
3131	4.46535
3132	4.46424
3133	4.46441
3134	4.46522
3135	4.46443
3136	4.46429
3137	4.46382
3138	4.46495
3139	4.46448
3140	4.46338
3141	4.4645
3142	4.46467
3143	4.46421
3144	4.46342
3145	4.46264
3146	4.46313
3147	4.46235
3148	4.4622
3149	4.4611
3150	4.46222
3151	4.46239
3152	4.46288
3153	4.46242
3154	4.46164
3155	4.46054
3156	4.46071
3157	4.45993
3158	4.45978
3159	4.45964
3160	4.45886
3161	4.45966
3162	4.45889
3163	4.45811
3164	4.45765
3165	4.45877
3166	4.45831
3167	4.45911
3168	4.45833
3169	4.45756
3170	4.45647
3171	4.45601
3172	4.45523
3173	4.4554
3174	4.45558
3175	4.45512
3176	4.4556
3177	4.45483
3178	4.45469
3179	4.4536
3180	4.45283
3181	4.45237
3182	4.45255
3183	4.45366
3184	4.45383
3185	4.45432
3186	4.45543
3187	4.45466
3188	4.45577
3189	4.45532
3190	4.45549
3191	4.4544
3192	4.45363
3193	4.45412
3194	4.45335
3195	4.45321
3196	4.45369
3197	4.45355
3198	4.45278
3199	4.45358
3200	4.45406
3201	4.4533
3202	4.45222
3203	4.45301
3204	4.4535
3205	4.45398
3206	4.4529
3207	4.45276
3208	4.45355
3209	4.45372
3210	4.45358
3211	4.45251
3212	4.4533
3213	4.45223
3214	4.45333
3215	4.45319
3216	4.45367
3217	4.45446
3218	4.45463
3219	4.4548
3220	4.45404
3221	4.45296
3222	4.45313
3223	4.45268
3224	4.45316
3225	4.45364
3226	4.45412
3227	4.45367
3228	4.45291
3229	4.45401
3230	4.45325
3231	4.45404
3232	4.45297
3233	4.45221
3234	4.45238
3235	4.45317
3236	4.45396
3237	4.45412
3238	4.45337
3239	4.45384
3240	4.45278
3241	4.45295
3242	4.45342
3243	4.45452
3244	4.45469
3245	4.45485
3246	4.45441
3247	4.45396
3248	4.45351
3249	4.45429
3250	4.45508
3251	4.45494
3252	4.45572
3253	4.45558
3254	4.45605
3255	4.45591
3256	4.45485
3257	4.45471
3258	4.45549
3259	4.45474
3260	4.45429
3261	4.45538
3262	4.45647
3263	4.45602
3264	4.45496
3265	4.45482
3266	4.45377
3267	4.45485
3268	4.45379
3269	4.45304
3270	4.45321
3271	4.45216
3272	4.45293
3273	4.45218
3274	4.45327
3275	4.45282
3276	4.4533
3277	4.45255
3278	4.45272
3279	4.4538
3280	4.45488
3281	4.45474
3282	4.4546
3283	4.45507
3284	4.45585
3285	4.45479
3286	4.45405
3287	4.45482
3288	4.45468
3289	4.45576
3290	4.45471
3291	4.45518
3292	4.45595
3293	4.45703
3294	4.45598
3295	4.45675
3296	4.45661
3297	4.45557
3298	4.45603
3299	4.4559
3300	4.45545
3301	4.45471
3302	4.45457
3303	4.45353
3304	4.45309
3305	4.45295
3306	4.45251
3307	4.45358
3308	4.45375
3309	4.45482
3310	4.45589
3311	4.45606
3312	4.45562
3313	4.45518
3314	4.45444
3315	4.45339
3316	4.45296
3317	4.45252
3318	4.45329
3319	4.45405
3320	4.45331
3321	4.45408
3322	4.45394
3323	4.45501
3324	4.45578
3325	4.45564
3326	4.4564
3327	4.45567
3328	4.45583
3329	4.45569
3330	4.45586
3331	4.45662
3332	4.45708
3333	4.45815
3334	4.45891
3335	4.45997
3336	4.45953
3337	4.4585
3338	4.45956
3339	4.46062
3340	4.46168
3341	4.46244
3342	4.4623
3343	4.46156
3344	4.46053
3345	4.46069
3346	4.45995
3347	4.45952
3348	4.46057
3349	4.45954
3350	4.45851
3351	4.45748
3352	4.45823
3353	4.4584
3354	4.45736
3355	4.45753
3356	4.45858
3357	4.45934
3358	4.4598
3359	4.45966
3360	4.45893
3361	4.4582
3362	4.45747
3363	4.45822
3364	4.45749
3365	4.45854
3366	4.4593
3367	4.45916
3368	4.45814
3369	4.45859
3370	4.45816
3371	4.45921
3372	4.45907
3373	4.45953
3374	4.4588
3375	4.45867
3376	4.45823
3377	4.4578
3378	4.45826
3379	4.45753
3380	4.4571
3381	4.45785
3382	4.45713
3383	4.4564
3384	4.45597
3385	4.45524
3386	4.4557
3387	4.45497
3388	4.45602
3389	4.45589
3390	4.45634
3391	4.45562
3392	4.45578
3393	4.45653
3394	4.45757
3395	4.45803
3396	4.45878
3397	4.45923
3398	4.45851
3399	4.45925
3400	4.45882
3401	4.45869
3402	4.45914
3403	4.45959
3404	4.45887
3405	4.45962
3406	4.4586
3407	4.45847
3408	4.45775
3409	4.45849
3410	4.45865
3411	4.45852
3412	4.45868
3413	4.45913
3414	4.45929
3415	4.46003
3416	4.46107
3417	4.46064
3418	4.46167
3419	4.46242
3420	4.46287
3421	4.46302
3422	4.46406
3423	4.46334
3424	4.4632
3425	4.46423
3426	4.46527
3427	4.46455
3428	4.4647
3429	4.46369
3430	4.46472
3431	4.46575
3432	4.46562
3433	4.46577
3434	4.46593
3435	4.46608
3436	4.46595
3437	4.4664
3438	4.46742
3439	4.46758
3440	4.46744
3441	4.46731
3442	4.46833
3443	4.46936
3444	4.46864
3445	4.4688
3446	4.46924
3447	4.46823
3448	4.46897
3449	4.46912
3450	4.46986
3451	4.46972
3452	4.469
3453	4.46974
3454	4.46989
3455	4.47004
3456	4.47049
3457	4.47035
3458	4.47079
3459	4.47008
3460	4.46994
3461	4.4701
3462	4.46909
3463	4.47011
3464	4.46911
3465	4.46955
3466	4.46942
3467	4.46928
3468	4.46886
3469	4.46872
3470	4.46974
3471	4.47018
3472	4.47091
3473	4.47193
3474	4.47208
3475	4.47309
3476	4.47296
3477	4.47225
3478	4.47326
3479	4.47255
3480	4.47299
3481	4.47371
3482	4.47387
3483	4.47459
3484	4.47474
3485	4.47374
3486	4.47332
3487	4.47261
3488	4.47276
3489	4.47377
3490	4.47335
3491	4.47436
3492	4.47423
3493	4.47409
3494	4.47481
3495	4.47496
3496	4.47397
3497	4.47355
3498	4.47456
3499	4.47414
3500	4.47457
3501	4.47558
3502	4.47658
3503	4.47645
3504	4.47717
3505	4.47703
3506	4.4769
3507	4.47619
3508	4.47634
3509	4.47592
3510	4.4755
3511	4.47479
3512	4.4738
3513	4.47452
3514	4.47353
3515	4.47368
3516	4.4744
3517	4.47398
3518	4.47442
3519	4.474
3520	4.47358
3521	4.47259
3522	4.47217
3523	4.47261
3524	4.47247
3525	4.47149
3526	4.47079
3527	4.47065
3528	4.47024
3529	4.46954
3530	4.46997
3531	4.47097
3532	4.46999
3533	4.47014
3534	4.47001
3535	4.47072
3536	4.47172
3537	4.47243
3538	4.47343
3539	4.4733
3540	4.47232
3541	4.47162
3542	4.47177
3543	4.47107
3544	4.47207
3545	4.47221
3546	4.47265
3547	4.47308
3548	4.47407
3549	4.47394
3550	4.47296
3551	4.47226
3552	4.47213
3553	4.47171
3554	4.47243
3555	4.47314
3556	4.47272
3557	4.47175
3558	4.47105
3559	4.47148
3560	4.47079
3561	4.4715
3562	4.47165
3563	4.47095
3564	4.47054
3565	4.47153
3566	4.47252
3567	4.47183
3568	4.47225
3569	4.47296
3570	4.47311
3571	4.47382
3572	4.4748
3573	4.47383
3574	4.47482
3575	4.47552
3576	4.47595
3577	4.4761
3578	4.47596
3579	4.47611
3580	4.47709
3581	4.47696
3582	4.47739
3583	4.47697
3584	4.4774
3585	4.47727
3586	4.4763
3587	4.47533
3588	4.4752
3589	4.47451
3590	4.47493
3591	4.47508
3592	4.47606
3593	4.47537
3594	4.47579
3595	4.4751
3596	4.47442
3597	4.47456
3598	4.47415
3599	4.47485
3600	4.47444
3601	4.47515
3602	4.47529
3603	4.4746
3604	4.47558
3605	4.47545
3606	4.47643
3607	4.47657
3608	4.47561
3609	4.47548
3610	4.47452
3611	4.47549
3612	4.47619
3613	4.47661
3614	4.4762
3615	4.47635
3616	4.47539
3617	4.47498
3618	4.47512
3619	4.47527
3620	4.47541
3621	4.47473
3622	4.47377
3623	4.47364
3624	4.47323
3625	4.47393
3626	4.47435
3627	4.47422
3628	4.47381
3629	4.47479
3630	4.47438
3631	4.4748
3632	4.4755
3633	4.47619
3634	4.47688
3635	4.4773
3636	4.4769
3637	4.47759
3638	4.47691
3639	4.4765
3640	4.47582
3641	4.47514
3642	4.47446
3643	4.47543
3644	4.47613
3645	4.47599
3646	4.47586
3647	4.47656
3648	4.47725
3649	4.47821
3650	4.47781
3651	4.4774
3652	4.47645
3653	4.47632
3654	4.47674
3655	4.47661
3656	4.47593
3657	4.47553
3658	4.47622
3659	4.47609
3660	4.47568
3661	4.47473
3662	4.47378
3663	4.47284
3664	4.4738
3665	4.47476
3666	4.47518
3667	4.4745
3668	4.47492
3669	4.47561
3670	4.47548
3671	4.47616
3672	4.47712
3673	4.47727
3674	4.47768
3675	4.4781
3676	4.47715
3677	4.47648
3678	4.47635
3679	4.47703
3680	4.47609
3681	4.47677
3682	4.47583
3683	4.47516
3684	4.47448
3685	4.4749
3686	4.47504
3687	4.47464
3688	4.4737
3689	4.4733
3690	4.47371
3691	4.47331
3692	4.47319
3693	4.47387
3694	4.47347
3695	4.47307
3696	4.47348
3697	4.47444
3698	4.47431
3699	4.47391
3700	4.47432
3701	4.47501
3702	4.47407
3703	4.47421
3704	4.47381
3705	4.47422
3706	4.47356
3707	4.47316
3708	4.47384
3709	4.47398
3710	4.47305
3711	4.474
3712	4.4736
3713	4.47266
3714	4.47173
3715	4.4716
3716	4.47228
3717	4.47242
3718	4.47283
3719	4.47351
3720	4.47419
3721	4.47407
3722	4.47313
3723	4.47247
3724	4.4718
3725	4.47141
3726	4.47128
3727	4.47196
3728	4.4713
3729	4.47198
3730	4.47105
3731	4.47172
3732	4.47186
3733	4.47093
3734	4.47054
3735	4.47149
3736	4.4719
3737	4.47177
3738	4.47111
3739	4.47125
3740	4.47219
3741	4.4718
3742	4.47167
3743	4.47128
3744	4.47089
3745	4.47076
3746	4.47117
3747	4.47024
3748	4.47118
3749	4.47106
3750	4.47173
3751	4.47214
3752	4.47281
3753	4.47349
3754	4.47443
3755	4.47537
3756	4.47444
3757	4.47405
3758	4.47445
3759	4.4738
3760	4.47314
3761	4.47354
3762	4.47448
3763	4.47489
3764	4.47529
3765	4.47463
3766	4.47477
3767	4.47438
3768	4.47452
3769	4.47519
3770	4.47586
3771	4.476
3772	4.47508
3773	4.47442
3774	4.47509
3775	4.4747
3776	4.47484
3777	4.47472
3778	4.47459
3779	4.47446
3780	4.47513
3781	4.47448
3782	4.47382
3783	4.47396
3784	4.47304
3785	4.47213
3786	4.472
3787	4.47109
3788	4.4707
3789	4.46978
3790	4.46939
3791	4.46927
3792	4.46967
3793	4.46902
3794	4.46837
3795	4.46798
3796	4.46786
3797	4.46826
3798	4.46867
3799	4.4696
3800	4.46947
3801	4.46935
3802	4.46923
3803	4.4691
3804	4.46951
3805	4.46886
3806	4.46952
3807	4.46887
3808	4.46928
3809	4.46863
3810	4.46903
3811	4.46891
3812	4.46852
3813	4.46918
3814	4.46827
3815	4.46789
3816	4.46855
3817	4.46843
3818	4.46831
3819	4.4674
3820	4.46754
3821	4.46794
3822	4.46808
3823	4.46743
3824	4.4681
3825	4.4685
3826	4.46864
3827	4.46799
3828	4.46761
3829	4.46696
3830	4.46632
3831	4.46698
3832	4.46712
3833	4.46726
3834	4.46661
3835	4.46597
3836	4.46663
3837	4.46755
3838	4.46743
3839	4.46731
3840	4.46641
3841	4.4655
3842	4.46616
3843	4.46604
3844	4.4667
3845	4.46736
3846	4.46776
3847	4.4679
3848	4.46752
3849	4.46661
3850	4.46675
3851	4.46741
3852	4.46781
3853	4.46691
3854	4.46783
3855	4.46796
3856	4.46836
3857	4.46824
3858	4.46864
3859	4.46774
3860	4.46788
3861	4.46853
3862	4.46919
3863	4.46855
3864	4.46843
3865	4.46934
3866	4.46896
3867	4.46832
3868	4.46923
3869	4.46963
3870	4.46977
3871	4.47068
3872	4.47107
3873	4.47069
3874	4.47031
3875	4.47019
3876	4.46956
3877	4.46866
3878	4.46957
3879	4.46945
3880	4.46856
3881	4.46869
3882	4.46806
3883	4.46871
3884	4.46885
3885	4.46795
3886	4.46758
3887	4.4672
3888	4.46734
3889	4.46824
3890	4.46787
3891	4.46698
3892	4.46763
3893	4.46674
3894	4.4661
3895	4.46547
3896	4.46638
3897	4.46651
3898	4.46614
3899	4.46679
3900	4.46615
3901	4.4668
3902	4.46745
3903	4.46836
3904	4.46747
3905	4.46658
3906	4.46621
3907	4.46557
3908	4.46469
3909	4.46431
3910	4.46445
3911	4.46382
3912	4.46447
3913	4.46486
3914	4.46576
3915	4.46539
3916	4.46604
3917	4.46541
3918	4.46554
3919	4.46517
3920	4.46429
3921	4.46493
3922	4.46456
3923	4.46521
3924	4.46585
3925	4.46599
3926	4.46689
3927	4.46753
3928	4.46665
3929	4.46602
3930	4.46616
3931	4.46553
3932	4.46643
3933	4.46606
3934	4.46518
3935	4.46429
3936	4.46418
3937	4.46406
3938	4.46343
3939	4.46332
3940	4.46371
3941	4.46435
3942	4.46449
3943	4.46437
3944	4.46425
3945	4.46413
3946	4.46452
3947	4.4639
3948	4.46403
3949	4.46366
3950	4.46354
3951	4.46393
3952	4.46306
3953	4.4637
3954	4.46358
3955	4.46448
3956	4.46411
3957	4.46399
3958	4.46438
3959	4.46401
3960	4.46414
3961	4.46352
3962	4.4634
3963	4.46354
3964	4.46367
3965	4.46381
3966	4.46394
3967	4.46483
3968	4.46573
3969	4.46611
3970	4.46574
3971	4.46588
3972	4.46576
3973	4.46665
3974	4.46754
3975	4.46843
3976	4.46806
3977	4.46819
3978	4.46732
3979	4.46821
3980	4.46884
3981	4.46898
3982	4.46911
3983	4.47
3984	4.46963
3985	4.47051
3986	4.47115
3987	4.47128
3988	4.47091
3989	4.47079
3990	4.47143
3991	4.47231
3992	4.47244
3993	4.47183
3994	4.47171
3995	4.47084
3996	4.47122
3997	4.4721
3998	4.47299
3999	4.47312
4000	4.47325
4001	4.47288
4002	4.47201
4003	4.47115
4004	4.47053
4005	4.47141
4006	4.47229
4007	4.47217
4008	4.47231
4009	4.47319
4010	4.47282
4011	4.47245
4012	4.47233
4013	4.47296
4014	4.47235
4015	4.47273
4016	4.47336
4017	4.47423
4018	4.47362
4019	4.47275
4020	4.47239
4021	4.47327
4022	4.47414
4023	4.47502
4024	4.4744
4025	4.47404
4026	4.47491
4027	4.47554
4028	4.47493
4029	4.4758
4030	4.47568
4031	4.47631
4032	4.47569
4033	4.47558
4034	4.4762
4035	4.47584
4036	4.47572
4037	4.4761
4038	4.47647
4039	4.47735
4040	4.47748
4041	4.47661
4042	4.476
4043	4.47514
4044	4.47577
4045	4.47565
4046	4.47603
4047	4.47616
4048	4.47579
4049	4.47666
4050	4.47704
4051	4.47741
4052	4.47804
4053	4.47816
4054	4.47829
4055	4.47916
4056	4.48003
4057	4.47991
4058	4.48053
4059	4.47967
4060	4.47931
4061	4.4787
4062	4.47932
4063	4.4792
4064	4.47933
4065	4.47946
4066	4.47983
4067	4.4807
4068	4.48009
4069	4.47997
4070	4.48059
4071	4.48121
4072	4.48109
4073	4.48024
4074	4.48085
4075	4.48025
4076	4.48013
4077	4.48001
4078	4.48063
4079	4.481
4080	4.48064
4081	4.48052
4082	4.48016
4083	4.47955
4084	4.48041
4085	4.48103
4086	4.48018
4087	4.48079
4088	4.48043
4089	4.48105
4090	4.48191
4091	4.48203
4092	4.48289
4093	4.48326
4094	4.48241
4095	4.48254
4096	4.48218
4097	4.48255
4098	4.48243
4099	4.48231
4100	4.48146
4101	4.4811
4102	4.4805
4103	4.48038
4104	4.48002
4105	4.48088
4106	4.48125
4107	4.48162
4108	4.4815
4109	4.48138
4110	4.48102
4111	4.48139
4112	4.482
4113	4.48237
4114	4.48298
4115	4.48335
4116	4.48324
4117	4.48409
4118	4.48422
4119	4.48458
4120	4.48495
4121	4.48483
4122	4.48447
4123	4.48484
4124	4.484
4125	4.48364
4126	4.48303
4127	4.48268
4128	4.48353
4129	4.48365
4130	4.48426
4131	4.48342
4132	4.48403
4133	4.48488
4134	4.48476
4135	4.48392
4136	4.48477
4137	4.48393
4138	4.48429
4139	4.48393
4140	4.48382
4141	4.48298
4142	4.48382
4143	4.48322
4144	4.48359
4145	4.4842
4146	4.48505
4147	4.48421
4148	4.48457
4149	4.48445
4150	4.48506
4151	4.4847
4152	4.48531
4153	4.48447
4154	4.48532
4155	4.48592
4156	4.48556
4157	4.48472
4158	4.48413
4159	4.48353
4160	4.48389
4161	4.48474
4162	4.48414
4163	4.48403
4164	4.48463
4165	4.48499
4166	4.48512
4167	4.48548
4168	4.48584
4169	4.48525
4170	4.48609
4171	4.4855
4172	4.4849
4173	4.48574
4174	4.48539
4175	4.48599
4176	4.48635
4177	4.48576
4178	4.4866
4179	4.48624
4180	4.48636
4181	4.48673
4182	4.48685
4183	4.48649
4184	4.48685
4185	4.48698
4186	4.48638
4187	4.48722
4188	4.48734
4189	4.48699
4190	4.48616
4191	4.48556
4192	4.48497
4193	4.48462
4194	4.48498
4195	4.48582
4196	4.48665
4197	4.48606
4198	4.48642
4199	4.48654
4200	4.48619
4201	4.48631
4202	4.48667
4203	4.4868
4204	4.48668
4205	4.48585
4206	4.4855
4207	4.48467
4208	4.48408
4209	4.48349
4210	4.48314
4211	4.48373
4212	4.48433
4213	4.48516
4214	4.48434
4215	4.48422
4216	4.48411
4217	4.48352
4218	4.48317
4219	4.484
4220	4.48389
4221	4.48377
4222	4.48318
4223	4.48331
4224	4.48366
4225	4.48426
4226	4.48438
4227	4.4845
4228	4.48534
4229	4.48475
4230	4.48392
4231	4.48334
4232	4.4837
4233	4.48429
4234	4.48465
4235	4.48406
4236	4.48466
4237	4.48383
4238	4.48325
4239	4.48408
4240	4.48349
4241	4.48361
4242	4.48397
4243	4.48315
4244	4.48303
4245	4.48363
4246	4.48351
4247	4.48411
4248	4.48493
4249	4.48553
4250	4.48588
4251	4.48577
4252	4.48518
4253	4.48577
4254	4.4866
4255	4.48719
4256	4.48731
4257	4.4872
4258	4.48685
4259	4.48673
4260	4.48685
4261	4.48651
4262	4.48686
4263	4.48651
4264	4.48569
4265	4.48535
4266	4.48523
4267	4.48582
4268	4.48547
4269	4.48559
4270	4.48618
4271	4.4863
4272	4.48549
4273	4.48537
4274	4.48549
4275	4.48538
4276	4.4848
4277	4.48562
4278	4.48504
4279	4.48446
4280	4.48481
4281	4.48563
4282	4.48575
4283	4.48634
4284	4.48669
4285	4.48658
4286	4.4867
4287	4.48635
4288	4.48717
4289	4.48776
4290	4.48811
4291	4.488
4292	4.48742
4293	4.48707
4294	4.48742
4295	4.48685
4296	4.4872
4297	4.48639
4298	4.48557
4299	4.48639
4300	4.48674
4301	4.48733
4302	4.48722
4303	4.48757
4304	4.48699
4305	4.4878
4306	4.48723
4307	4.48711
4308	4.48793
4309	4.48758
4310	4.4877
4311	4.48782
4312	4.48724
4313	4.48644
4314	4.48632
4315	4.48714
4316	4.48703
4317	4.48784
4318	4.48726
4319	4.48692
4320	4.4875
4321	4.48808
4322	4.48866
4323	4.48947
4324	4.4889
4325	4.48879
4326	4.48798
4327	4.48856
4328	4.48868
4329	4.48787
4330	4.48822
4331	4.48765
4332	4.48823
4333	4.48765
4334	4.48823
4335	4.48743
4336	4.48662
4337	4.48743
4338	4.48732
4339	4.48813
4340	4.48779
4341	4.4886
4342	4.48871
4343	4.4886
4344	4.48941
4345	4.49022
4346	4.48988
4347	4.48953
4348	4.49011
4349	4.49
4350	4.49034
4351	4.49046
4352	4.49012
4353	4.49001
4354	4.48989
4355	4.48978
4356	4.49036
4357	4.49048
4358	4.4899
4359	4.48956
4360	4.48968
4361	4.49025
4362	4.49014
4363	4.49003
4364	4.49083
4365	4.49049
4366	4.49038
4367	4.48958
4368	4.48901
4369	4.48959
4370	4.49039
4371	4.49028
4372	4.49062
4373	4.49051
4374	4.49131
4375	4.49143
4376	4.49109
4377	4.49052
4378	4.49109
4379	4.49052
4380	4.49087
4381	4.49076
4382	4.4911
4383	4.4919
4384	4.49247
4385	4.4919
4386	4.49156
4387	4.49191
4388	4.49225
4389	4.49214
4390	4.49294
4391	4.49237
4392	4.4918
4393	4.49169
4394	4.49181
4395	4.49124
4396	4.49158
4397	4.49238
4398	4.49181
4399	4.49238
4400	4.49273
4401	4.49193
4402	4.49159
4403	4.49126
4404	4.49137
4405	4.49081
4406	4.49138
4407	4.49194
4408	4.49161
4409	4.49195
4410	4.49274
4411	4.49354
4412	4.49275
4413	4.49309
4414	4.49366
4415	4.49445
4416	4.49502
4417	4.49423
4418	4.49434
4419	4.49423
4420	4.49412
4421	4.49401
4422	4.49412
4423	4.49446
4424	4.49503
4425	4.49446
4426	4.49503
4427	4.49492
4428	4.49413
4429	4.49492
4430	4.49458
4431	4.49515
4432	4.49594
4433	4.49605
4434	4.49526
4435	4.49515
4436	4.49549
4437	4.49628
4438	4.49594
4439	4.49673
4440	4.49685
4441	4.49628
4442	4.49707
4443	4.49719
4444	4.49775
4445	4.49809
4446	4.49798
4447	4.49809
4448	4.49865
4449	4.49944
4450	4.50022
4451	4.49966
4452	4.49955
4453	4.49966
4454	4.50022
4455	4.49966
4456	4.5
4457	4.50011
4458	4.50045
4459	4.50078
4460	4.50067
4461	4.50146
4462	4.50134
4463	4.50123
4464	4.50112
4465	4.50123
4466	4.50179
4467	4.50101
4468	4.5009
4469	4.50011
4470	4.50089
4471	4.50168
4472	4.50134
4473	4.5019
4474	4.50179
4475	4.50101
4476	4.50112
4477	4.5019
4478	4.50223
4479	4.5019
4480	4.50246
4481	4.50257
4482	4.50245
4483	4.5019
4484	4.50112
4485	4.50078
4486	4.50067
4487	4.501
4488	4.50156
4489	4.50078
4490	4.50067
4491	4.50033
4492	4.50111
4493	4.50167
4494	4.502
4495	4.50167
4496	4.50133
4497	4.50122
4498	4.50089
4499	4.50122
4500	4.50133
4501	4.50078
4502	4.50089
4503	4.50144
4504	4.50067
4505	4.49989
4506	4.50044
4507	4.50055
4508	4.50133
4509	4.50122
4510	4.50177
4511	4.50211
4512	4.50133
4513	4.50078
4514	4.50155
4515	4.50078
4516	4.50066
4517	4.50033
4518	4.50089
4519	4.50055
4520	4.50022
4521	4.49967
4522	4.49978
4523	4.49923
4524	4.5
4525	4.49945
4526	4.49934
4527	4.49901
4528	4.49912
4529	4.49945
4530	4.50022
4531	4.49945
4532	4.5
4533	4.50011
4534	4.50066
4535	4.50121
4536	4.50132
4537	4.50165
4538	4.50132
4539	4.50121
4540	4.50044
4541	4.49967
4542	4.4989
4543	4.49813
4544	4.4978
4545	4.49857
4546	4.49802
4547	4.49835
4548	4.4978
4549	4.49857
4550	4.49934
4551	4.49923
4552	4.49846
4553	4.49835
4554	4.49846
4555	4.49923
4556	4.49934
4557	4.50011
4558	4.49956
4559	4.49901
4560	4.49912
4561	4.49857
4562	4.49803
4563	4.49792
4564	4.49825
4565	4.49748
4566	4.49693
4567	4.49639
4568	4.49672
4569	4.49683
4570	4.49694
4571	4.49727
4572	4.49738
4573	4.49749
4574	4.49803
4575	4.49858
4576	4.49869
4577	4.49945
4578	4.49956
4579	4.49989
4580	4.50044
4581	4.50033
4582	4.49978
4583	4.50033
4584	4.50109
4585	4.50142
4586	4.50174
4587	4.50164
4588	4.50196
4589	4.50272
4590	4.50283
4591	4.50229
4592	4.50152
4593	4.50207
4594	4.50218
4595	4.5025
4596	4.50305
4597	4.50359
4598	4.50413
4599	4.50402
4600	4.5037
4601	4.50337
4602	4.50261
4603	4.50315
4604	4.50369
4605	4.50423
4606	4.50456
4607	4.50423
4608	4.50456
4609	4.50401
4610	4.50325
4611	4.50314
4612	4.50325
4613	4.50271
4614	4.50217
4615	4.50206
4616	4.5026
4617	4.50336
4618	4.50411
4619	4.50401
4620	4.50455
4621	4.50444
4622	4.50476
4623	4.5053
4624	4.50476
4625	4.50422
4626	4.50411
4627	4.50486
4628	4.50562
4629	4.50508
4630	4.50475
4631	4.50421
4632	4.5041
4633	4.50399
4634	4.50324
4635	4.5027
4636	4.50216
4637	4.50248
4638	4.50259
4639	4.50334
4640	4.50388
4641	4.50399
4642	4.50366
4643	4.50334
4644	4.50366
4645	4.50377
4646	4.5043
4647	4.5042
4648	4.50409
4649	4.50441
4650	4.50516
4651	4.50462
4652	4.50387
4653	4.50398
4654	4.50473
4655	4.5044
4656	4.50473
4657	4.5044
4658	4.50386
4659	4.50419
4660	4.50408
4661	4.50418
4662	4.50472
4663	4.50525
4664	4.506
4665	4.50654
4666	4.50729
4667	4.50654
4668	4.50643
4669	4.50632
4670	4.50707
4671	4.50653
4672	4.50728
4673	4.50695
4674	4.50706
4675	4.50717
4676	4.5077
4677	4.50738
4678	4.50663
4679	4.50609
4680	4.50684
4681	4.50758
4682	4.50726
4683	4.50801
4684	4.5079
4685	4.50736
4686	4.50683
4687	4.50608
4688	4.50597
4689	4.50586
4690	4.50618
4691	4.50671
4692	4.50746
4693	4.50756
4694	4.50767
4695	4.5082
4696	4.50788
4697	4.50777
4698	4.5083
4699	4.50883
4700	4.50957
4701	4.5101
4702	4.51085
4703	4.51138
4704	4.51063
4705	4.51052
4706	4.51041
4707	4.51094
4708	4.51126
4709	4.51115
4710	4.51189
4711	4.51199
4712	4.51167
4713	4.51114
4714	4.51124
4715	4.51156
4716	4.51124
4717	4.51155
4718	4.51187
4719	4.51218
4720	4.51144
4721	4.51133
4722	4.51122
4723	4.51196
4724	4.5127
4725	4.51344
4726	4.51375
4727	4.51322
4728	4.5129
4729	4.513
4730	4.51374
4731	4.51321
4732	4.51289
4733	4.51363
4734	4.51289
4735	4.51257
4736	4.51225
4737	4.51214
4738	4.5114
4739	4.51066
4740	4.51118
4741	4.51192
4742	4.51202
4743	4.51128
4744	4.51054
4745	4.5098
4746	4.51011
4747	4.5098
4748	4.51032
4749	4.51
4750	4.51074
4751	4.51126
4752	4.51157
4753	4.51126
4754	4.51178
4755	4.51188
4756	4.51135
4757	4.51125
4758	4.51177
4759	4.51166
4760	4.51239
4761	4.51271
4762	4.51302
4763	4.51249
4764	4.51259
4765	4.51291
4766	4.5128
4767	4.51353
4768	4.51279
4769	4.51269
4770	4.51342
4771	4.51394
4772	4.51362
4773	4.51351
4774	4.51403
4775	4.51372
4776	4.51382
4777	4.51371
4778	4.51381
4779	4.5135
4780	4.51381
4781	4.5137
4782	4.51297
4783	4.51286
4784	4.51317
4785	4.51369
4786	4.51442
4787	4.51494
4788	4.51462
4789	4.51493
4790	4.51461
4791	4.51409
4792	4.51398
4793	4.51471
4794	4.5146
4795	4.51533
4796	4.51543
4797	4.51595
4798	4.51647
4799	4.51657
4800	4.51625
4801	4.51656
4802	4.51624
4803	4.51634
4804	4.51582
4805	4.51509
4806	4.51581
4807	4.51612
4808	4.51601
4809	4.51591
4810	4.51663
4811	4.5159
4812	4.51663
4813	4.51735
4814	4.51724
4815	4.51734
4816	4.51786
4817	4.51775
4818	4.51764
4819	4.51691
4820	4.51618
4821	4.51649
4822	4.51597
4823	4.51586
4824	4.51596
4825	4.51606
4826	4.51596
4827	4.51523
4828	4.51512
4829	4.5146
4830	4.5147
4831	4.51501
4832	4.51573
4833	4.51624
4834	4.51572
4835	4.51499
4836	4.51551
4837	4.51478
4838	4.51509
4839	4.51457
4840	4.51467
4841	4.51477
4842	4.51425
4843	4.51414
4844	4.51404
4845	4.51434
4846	4.51506
4847	4.51455
4848	4.51382
4849	4.51351
4850	4.51299
4851	4.51227
4852	4.51298
4853	4.51288
4854	4.51298
4855	4.51287
4856	4.51359
4857	4.51431
4858	4.5142
4859	4.51389
4860	4.51317
4861	4.51389
4862	4.5146
4863	4.51532
4864	4.51562
4865	4.51511
4866	4.51582
4867	4.51572
4868	4.5152
4869	4.5153
4870	4.5154
4871	4.51571
4872	4.51498
4873	4.51549
4874	4.51477
4875	4.51487
4876	4.51477
4877	4.51405
4878	4.51435
4879	4.51424
4880	4.51393
4881	4.51465
4882	4.51454
4883	4.51423
4884	4.51392
4885	4.51464
4886	4.51494
4887	4.51443
4888	4.51493
4889	4.51442
4890	4.51452
4891	4.51523
4892	4.51451
4893	4.51441
4894	4.51492
4895	4.51542
4896	4.51552
4897	4.51603
4898	4.51552
4899	4.51602
4900	4.51571
4901	4.51622
4902	4.51612
4903	4.51601
4904	4.51611
4905	4.51621
4906	4.51692
4907	4.51763
4908	4.51773
4909	4.51782
4910	4.51752
4911	4.51802
4912	4.51792
4913	4.51822
4914	4.5175
4915	4.5178
4916	4.5181
4917	4.51861
4918	4.51932
4919	4.51921
4920	4.51992
4921	4.51981
4922	4.5195
4923	4.52021
4924	4.52071
4925	4.5202
4926	4.5205
4927	4.5204
4928	4.5211
4929	4.52181
4930	4.5213
4931	4.52079
4932	4.52109
4933	4.52118
4934	4.52128
4935	4.52077
4936	4.52006
4937	4.51995
4938	4.51924
4939	4.51934
4940	4.51862
4941	4.51832
4942	4.51821
4943	4.51811
4944	4.51881
4945	4.51871
4946	4.5182
4947	4.51829
4948	4.51778
4949	4.51707
4950	4.51636
4951	4.51565
4952	4.51555
4953	4.51524
4954	4.51453
4955	4.51403
4956	4.51392
4957	4.51422
4958	4.51432
4959	4.51401
4960	4.51411
4961	4.51441
4962	4.51451
4963	4.514
4964	4.5137
4965	4.51299
4966	4.51269
4967	4.51238
4968	4.51248
4969	4.51218
4970	4.51288
4971	4.51298
4972	4.51307
4973	4.51277
4974	4.51347
4975	4.51357
4976	4.51387
4977	4.51316
4978	4.51245
4979	4.51316
4980	4.51245
4981	4.51174
4982	4.51244
4983	4.51234
4984	4.51224
4985	4.51294
4986	4.51324
4987	4.51374
4988	4.51403
4989	4.51353
4990	4.51303
4991	4.51252
4992	4.51322
4993	4.51352
4994	4.51342
4995	4.51291
4996	4.51321
4997	4.51351
4998	4.51341
4999	4.5129
5000	4.5122
